  0.10000000000000001       0.77713533205908036     
  0.20000000000000001       0.73250832131665411     
  0.30000000000000004       0.70766388616068399     
  0.40000000000000002       0.69143031020841139     
  0.50000000000000000       0.68004837446937894     
  0.60000000000000009       0.67179449025889815     
  0.70000000000000007       0.66573738611615929     
  0.80000000000000004       0.66131833143969110     
  0.90000000000000002       0.65817656036399286     
   1.0000000000000000       0.65606605222503078     
   1.1000000000000001       0.65481179054282890     
   1.2000000000000002       0.65428500781942101     
   1.3000000000000000       0.65438833562251875     
   1.4000000000000001       0.65504646626871288     
   1.5000000000000000       0.65620004629817341     
   1.6000000000000001       0.65780154932886681     
   1.7000000000000002       0.65981240674937136     
   1.8000000000000000       0.66220096343351609     
   1.9000000000000001       0.66494098967839277     
   2.0000000000000000       0.66801057730771785     
   2.1000000000000001       0.67139130684050152     
   2.2000000000000002       0.67506760960762102     
   2.3000000000000003       0.67902627249859204     
   2.4000000000000004       0.68325604869163392     
   2.5000000000000000       0.68774734825346273     
   2.6000000000000001       0.69249198970884285     
   2.7000000000000002       0.69748299870472252     
   2.8000000000000003       0.70271444344875811     
   2.9000000000000004       0.70818129915330186     
   3.0000000000000000       0.71387933557111738     
   3.1000000000000001       0.71980502307463989     
   3.2000000000000002       0.72595545374716763     
   3.3000000000000003       0.73232827471913076     
   3.4000000000000004       0.73892163156358959     
   3.5000000000000000       0.74573412001057859     
   3.6000000000000001       0.75276474458442344     
   3.7000000000000002       0.76001288303672976     
   3.8000000000000003       0.76747825565874717     
   3.9000000000000004       0.77516089872375216     
   4.0000000000000000       0.78306114144309380     
   4.1000000000000005       0.79117958592617710     
   4.2000000000000002       0.79951708972066970     
   4.2999999999999998       0.80807475057901024     
   4.4000000000000004       0.81685389315422241     
   4.5000000000000000       0.82585605737473378     
   4.6000000000000005       0.83508298828637428     
   4.7000000000000002       0.84453662718159628     
   4.8000000000000007       0.85421910386246680     
   4.9000000000000004       0.86413272990613310     
   5.0000000000000000       0.87427999282004254     
   5.1000000000000005       0.88466355098985405     
   5.2000000000000002       0.89528622933621471     
   5.3000000000000007       0.90615101560781308     
   5.4000000000000004       0.91726105724768536     
   5.5000000000000000       0.92861965877794150     
   5.6000000000000005       0.94023027965508055     
   5.7000000000000002       0.95209653255411075     
   5.8000000000000007       0.96422218204489862     
   5.9000000000000004       0.97661114362867185     
